id1,id2,matching_probability
0,2676,0.9
1009,1046,1.0
1009,2178,0.9
1013,2614,1.0
1014,2577,1.0
1025,2442,1.0
1027,2150,0.9
103,1442,1.0
1031,767,1.0
1035,1062,1.0
1073,606,1.0
1103,647,1.0
1114,101,0.9
1142,38,0.9
1143,2772,1.0
1163,1778,1.0
1179,853,1.0
1186,2744,0.9
1193,2606,1.0
1200,2023,1.0
1224,1792,1.0
1237,107,1.0
1244,2604,1.0
125,2493,0.9
1251,2417,1.0
1282,2000,0.9
129,2245,1.0
1291,2359,1.0
1333,2219,1.0
1338,2452,1.0
134,2196,1.0
1341,1119,1.0
136,2998,1.0
1363,2930,1.0
1369,644,1.0
1388,2319,1.0
1390,2484,1.0
1402,317,0.9
1408,2990,1.0
1416,513,0.9
1418,586,1.0
1423,1419,1.0
1440,2679,1.0
1441,1817,1.0
1444,1457,1.0
1453,1227,0.9
1478,908,0.9
1480,1306,1.0
1488,2420,1.0
1492,1269,1.0
150,590,1.0
1501,2070,1.0
1524,2129,1.0
1534,20,0.9
1559,1274,1.0
1578,1591,1.0
1589,1207,1.0
1596,1447,0.9
1617,92,1.0
1624,1382,1.0
1631,2691,1.0
1641,1169,1.0
1656,712,1.0
1666,2834,1.0
1699,1436,0.9
1702,2630,1.0
1708,2462,1.0
1723,2076,1.0
1750,1993,1.0
1751,878,0.9
1772,1419,1.0
1773,367,1.0
1808,1842,1.0
1813,216,1.0
182,1757,1.0
182,2424,0.9
1824,2251,0.8
1825,1020,1.0
1851,84,1.0
1857,2179,1.0
1875,2562,1.0
1885,2449,1.0
1886,2020,1.0
1895,1515,1.0
1900,2089,0.9
1920,938,1.0
1937,1510,1.0
1942,592,0.9
1951,844,0.9
1960,423,1.0
1964,1207,0.9
1974,2950,1.0
1985,2772,1.0
1993,697,1.0
2000,1725,1.0
2002,1089,1.0
2006,1290,1.0
2009,2462,1.0
2034,2535,0.9
2040,1223,1.0
2087,1277,1.0
2089,2005,0.9
2094,900,0.9
2098,1342,1.0
2106,1575,1.0
2114,1484,1.0
2138,1909,1.0
2160,844,0.9
219,1685,1.0
2206,2771,1.0
2211,889,0.9
2213,1501,1.0
2216,2213,1.0
2219,545,1.0
2231,1745,1.0
2261,2442,1.0
2265,777,1.0
2272,909,0.9
2310,2462,1.0
2329,2397,0.9
2339,1553,1.0
2358,1296,0.6
2360,456,1.0
2369,2369,1.0
2375,1976,0.9
2376,1255,0.9
2383,1106,1.0
2417,2469,1.0
2421,509,1.0
2425,788,1.0
2427,1207,0.9
2455,111,1.0
248,541,1.0
2484,1501,1.0
2504,2964,1.0
2507,1550,1.0
2526,1807,0.9
2534,2526,1.0
2550,1598,0.9
2560,2170,0.9
2589,1325,1.0
2592,6,1.0
2594,801,1.0
2602,1809,1.0
2615,241,1.0
263,2039,1.0
2630,2417,1.0
2633,921,1.0
2655,2610,1.0
2673,121,1.0
2683,2129,1.0
2692,2973,1.0
2703,2975,1.0
2708,42,1.0
2729,1395,1.0
273,2422,1.0
2752,2476,1.0
2755,904,1.0
2762,84,1.0
2768,216,1.0
2778,500,0.8
2782,2375,1.0
2785,1720,1.0
2790,1014,1.0
2791,1668,1.0
2796,854,1.0
28,489,1.0
2807,2874,1.0
2824,2702,1.0
2839,1578,0.9
286,2127,1.0
2860,885,1.0
2861,1351,0.9
2862,1500,1.0
289,1525,0.9
2908,1800,1.0
2916,2493,0.9
2919,1078,1.0
2921,1849,1.0
2930,2239,1.0
2968,903,1.0
2973,1151,1.0
2998,1486,1.0
3006,841,1.0
3007,1310,1.0
3015,1880,1.0
302,2377,1.0
304,2618,1.0
3046,2206,1.0
3047,2539,1.0
319,491,1.0
33,2983,1.0
334,2806,1.0
342,2052,1.0
344,194,1.0
349,711,1.0
378,2066,1.0
381,934,1.0
388,2100,1.0
395,2117,1.0
419,2934,1.0
425,2280,1.0
444,1736,0.9
45,1680,1.0
47,1734,1.0
479,595,1.0
494,1900,1.0
518,1401,1.0
530,588,1.0
58,224,1.0
584,2241,1.0
588,1042,0.8
599,2319,0.9
61,1687,1.0
627,2562,1.0
665,2036,0.9
673,118,1.0
677,774,0.9
698,805,1.0
710,988,1.0
713,2527,0.9
720,1840,1.0
723,1196,1.0
724,2708,1.0
739,101,0.9
76,642,1.0
767,147,1.0
776,2219,1.0
782,1528,1.0
800,2040,1.0
823,2842,1.0
827,724,1.0
842,2554,1.0
893,2404,1.0
906,1830,1.0
926,2371,1.0
929,923,0.9
94,2036,0.9
944,2462,1.0
949,500,1.0
962,2847,1.0
963,1447,0.9
971,2503,1.0
978,2496,1.0
984,2319,0.9
